radix=10;
coefdata=0.0000000000000000,-0.0000365770262817,-0.0000885267219583,-0.0001473932948559,-0.0001990659221942,-0.0002256747109901,-0.0002090628840427,-0.0001353861634657,0.0000000000000000,0.0001884816931296,0.0004061467891182,0.0006147660678385,0.0007663346591798,0.0008110261605912,0.0007076093446072,0.0004346155449421,0.0000000000000000,-0.0005531255311086,-0.0011467891768297,-0.0016757494710825,-0.0020223774732388,-0.0020773141784463,-0.0017628974294206,-0.0010551998552591,0.0000000000000000,0.0012816602383508,0.0026014170904996,0.0037260124368338,0.0044125370354364,0.0044520351576243,0.0037146319494738,0.0021878894536451,0.0000000000000000,-0.0025790830153576,-0.0051624389747075,-0.0072965207548981,-0.0085318472043633,-0.0085042803386166,-0.0070136863149191,-0.0040852861703886,0.0000000000000000,0.0047162623617486,0.0093484184988435,0.0130896376541329,0.0151689220301247,0.0149904412458622,0.0122616412996793,0.0070860791101274,0.0000000000000000,-0.0080611548955393,-0.0158696212372270,-0.0220764906047009,-0.0254258135051338,-0.0249801743014436,-0.0203204736123051,-0.0116825960925523,0.0000000000000000,0.0131663390335317,0.0258122247285428,0.0357712231661672,0.0410564756021301,0.0402132176403883,0.0326244769600001,0.0187138317310295,0.0000000000000000,-0.0210224582304733,-0.0411762788587921,-0.0570400286818483,-0.0654769591280698,-0.0641787217417814,-0.0521382433933961,-0.0299685200089116,0.0000000000000000,0.0338827522581128,0.0666676760098696,0.0928672317510740,0.1073197750504863,0.1060344598103802,0.0869576498393428,0.0505396975381485,0.0000000000000000,-0.0587761384648988,-0.1177273393037449,-0.1674571902076506,-0.1983385846536818,-0.2017503650649738,-0.1712882953416270,-0.1037862411951463,0.0000000000000000,0.1351558612006454,0.2928730405744595,0.4612067905178415,0.6262503356847351,0.7735939098382624,0.8898948382065136,0.9643664113211883,0.9900000000000000,0.9643664113211883,0.8898948382065136,0.7735939098382624,0.6262503356847351,0.4612067905178415,0.2928730405744595,0.1351558612006454,0.0000000000000000,-0.1037862411951463,-0.1712882953416270,-0.2017503650649738,-0.1983385846536818,-0.1674571902076506,-0.1177273393037449,-0.0587761384648988,0.0000000000000000,0.0505396975381485,0.0869576498393428,0.1060344598103802,0.1073197750504863,0.0928672317510740,0.0666676760098696,0.0338827522581128,0.0000000000000000,-0.0299685200089116,-0.0521382433933961,-0.0641787217417814,-0.0654769591280698,-0.0570400286818483,-0.0411762788587921,-0.0210224582304733,0.0000000000000000,0.0187138317310295,0.0326244769600001,0.0402132176403883,0.0410564756021301,0.0357712231661672,0.0258122247285428,0.0131663390335317,0.0000000000000000,-0.0116825960925523,-0.0203204736123051,-0.0249801743014436,-0.0254258135051338,-0.0220764906047009,-0.0158696212372270,-0.0080611548955393,0.0000000000000000,0.0070860791101274,0.0122616412996793,0.0149904412458622,0.0151689220301247,0.0130896376541329,0.0093484184988435,0.0047162623617486,0.0000000000000000,-0.0040852861703886,-0.0070136863149191,-0.0085042803386166,-0.0085318472043633,-0.0072965207548981,-0.0051624389747075,-0.0025790830153576,0.0000000000000000,0.0021878894536451,0.0037146319494738,0.0044520351576243,0.0044125370354364,0.0037260124368338,0.0026014170904996,0.0012816602383508,0.0000000000000000,-0.0010551998552591,-0.0017628974294206,-0.0020773141784463,-0.0020223774732388,-0.0016757494710825,-0.0011467891768297,-0.0005531255311086,0.0000000000000000,0.0004346155449421,0.0007076093446072,0.0008110261605912,0.0007663346591798,0.0006147660678385,0.0004061467891182,0.0001884816931296,0.0000000000000000,-0.0001353861634657,-0.0002090628840427,-0.0002256747109901,-0.0001990659221942,-0.0001473932948559,-0.0000885267219583,-0.0000365770262817,0.0000000000000000;
