radix=10;
coefdata=0.0000000000000000,-0.1562500000000000,0.0000000000000000,0.1406250000000000,0.0000000000000000,0.2031250000000000,0.0000000000000000,-0.6406250000000000,0.0000000000000000,0.6093750000000000,0.0000000000000000,-0.2187500000000000,0.0000000000000000,-0.0468750000000000,0.0000000000000000,0.2265625000000000,0.0000000000000000,-0.4218750000000000,0.0000000000000000,-0.5234375000000000,0.0000000000000000,-0.1562500000000000,0.0000000000000000,0.0859375000000000,0.0000000000000000,-0.1875000000000000,0.0000000000000000,0.1796875000000000,0.0000000000000000,0.3125000000000000,0.0000000000000000,0.2031250000000000,0.0000000000000000,-0.3984375000000000,0.0000000000000000,0.0468750000000000,0.0000000000000000,-0.1796875000000000,0.0000000000000000,0.4921875000000000,0.0000000000000000,-0.4375000000000000,0.0000000000000000,-0.4453125000000000,0.0000000000000000,-0.3515625000000000,0.0000000000000000,0.1640625000000000,0.0000000000000000,-0.5703125000000000,0.0000000000000000,-0.3906250000000000,0.0000000000000000,-0.2265625000000000,0.0000000000000000,-0.0312500000000000,0.0000000000000000,-0.4687500000000000,0.0000000000000000,0.4062500000000000,0.0000000000000000,0.3671875000000000,0.0000000000000000,-0.1562500000000000,0.0000000000000000,-0.3359375000000000,0.0000000000000000,0.3593750000000000,0.0000000000000000,-0.5390625000000000,0.0000000000000000,0.2031250000000000,0.0000000000000000,-0.0937500000000000,0.0000000000000000,0.2968750000000000,0.0000000000000000,-0.1093750000000000,0.0000000000000000,-0.3828125000000000,0.0000000000000000,-0.2812500000000000,0.0000000000000000,-0.3046875000000000,0.0000000000000000,0.4843750000000000,0.0000000000000000,-0.0546875000000000,0.0000000000000000,0.5234375000000000,0.0000000000000000,0.1484375000000000,0.0000000000000000,0.1718750000000000,0.0000000000000000,-0.4687500000000000,0.0000000000000000,-0.3828125000000000,0.0000000000000000,0.4843750000000000,0.0000000000000000,0.3984375000000000,0.0000000000000000,0.1484375000000000,0.0000000000000000,-0.1953125000000000,0.0000000000000000,-0.5312500000000000,0.0000000000000000,-0.3281250000000000,0.0000000000000000,0.1953125000000000,0.0000000000000000,0.0546875000000000,0.0000000000000000,0.4687500000000000,0.0000000000000000,-0.3906250000000000,0.0000000000000000,0.4609375000000000,0.0000000000000000,0.4843750000000000,0.0000000000000000,0.5000000000000000,0.0000000000000000,0.5000000000000000,0.0000000000000000,-0.0312500000000000,