radix=10;
coefdata=0.0000000000000000,0.2890625000000000,0.0000000000000000,0.0703125000000000,0.0000000000000000,0.0156250000000000,0.0000000000000000,-0.5468750000000000,0.0000000000000000,0.2109375000000000,0.0000000000000000,0.0156250000000000,0.0000000000000000,-0.1015625000000000,0.0000000000000000,-0.0625000000000000,0.0000000000000000,-0.3125000000000000,0.0000000000000000,-0.0703125000000000,0.0000000000000000,-0.3359375000000000,0.0000000000000000,0.0625000000000000,0.0000000000000000,-0.0312500000000000,0.0000000000000000,-0.0859375000000000,0.0000000000000000,0.5156250000000000,0.0000000000000000,-0.0703125000000000,0.0000000000000000,-0.1484375000000000,0.0000000000000000,0.2734375000000000,0.0000000000000000,0.1015625000000000,0.0000000000000000,0.3750000000000000,0.0000000000000000,0.0390625000000000,0.0000000000000000,-0.2656250000000000,0.0000000000000000,0.0625000000000000,0.0000000000000000,0.1718750000000000,0.0000000000000000,-0.4531250000000000,0.0000000000000000,-0.1562500000000000,0.0000000000000000,0.1562500000000000,0.0000000000000000,0.1718750000000000,0.0000000000000000,-0.0859375000000000,0.0000000000000000,0.4296875000000000,0.0000000000000000,0.1640625000000000,0.0000000000000000,-0.3437500000000000,0.0000000000000000,-0.2500000000000000,0.0000000000000000,-0.0234375000000000,0.0000000000000000,0.0390625000000000,0.0000000000000000,0.1875000000000000,0.0000000000000000,-0.2265625000000000,0.0000000000000000,0.4453125000000000,0.0000000000000000,0.1562500000000000,0.0000000000000000,-0.2109375000000000,0.0000000000000000,-0.3828125000000000,0.0000000000000000,-0.2187500000000000,0.0000000000000000,0.1562500000000000,0.0000000000000000,-0.2578125000000000,0.0000000000000000,0.3906250000000000,0.0000000000000000,-0.2343750000000000,0.0000000000000000,-0.0625000000000000,0.0000000000000000,-0.0703125000000000,0.0000000000000000,-0.2109375000000000,0.0000000000000000,0.1015625000000000,0.0000000000000000,0.1015625000000000,0.0000000000000000,0.3203125000000000,0.0000000000000000,0.1328125000000000,0.0000000000000000,-0.3046875000000000,0.0000000000000000,-0.2890625000000000,0.0000000000000000,0.3125000000000000,0.0000000000000000,-0.2343750000000000,0.0000000000000000,0.3281250000000000,0.0000000000000000,-0.0312500000000000,0.0000000000000000,0.3593750000000000,0.0000000000000000,0.2031250000000000,0.0000000000000000,0.3125000000000000,0.0000000000000000,0.2734375000000000,0.0000000000000000,0.0000000000000000,