radix=10;
coefdata=0.0000000000000000,-0.0468750000000000,0.0000000000000000,-0.1250000000000000,0.0000000000000000,0.0781250000000000,0.0000000000000000,-0.2578125000000000,0.0000000000000000,-0.3281250000000000,0.0000000000000000,-0.1875000000000000,0.0000000000000000,0.5234375000000000,0.0000000000000000,-0.4296875000000000,0.0000000000000000,0.2500000000000000,0.0000000000000000,0.0781250000000000,0.0000000000000000,-0.4609375000000000,0.0000000000000000,-0.4921875000000000,0.0000000000000000,0.1953125000000000,0.0000000000000000,0.2812500000000000,0.0000000000000000,0.0390625000000000,0.0000000000000000,-0.3281250000000000,0.0000000000000000,0.2968750000000000,0.0000000000000000,0.6171875000000000,0.0000000000000000,-0.2578125000000000,0.0000000000000000,0.4609375000000000,0.0000000000000000,0.1718750000000000,0.0000000000000000,0.1328125000000000,0.0000000000000000,0.4843750000000000,0.0000000000000000,0.0390625000000000,0.0000000000000000,-0.4218750000000000,0.0000000000000000,-0.5937500000000000,0.0000000000000000,0.3593750000000000,0.0000000000000000,-0.1718750000000000,0.0000000000000000,-0.6171875000000000,0.0000000000000000,0.4062500000000000,0.0000000000000000,0.1640625000000000,0.0000000000000000,0.5312500000000000,0.0000000000000000,0.0390625000000000,0.0000000000000000,-0.4531250000000000,0.0000000000000000,-0.2968750000000000,0.0000000000000000,-0.3750000000000000,0.0000000000000000,-0.5390625000000000,0.0000000000000000,-0.0781250000000000,0.0000000000000000,0.3359375000000000,0.0000000000000000,-0.1796875000000000,0.0000000000000000,-0.4765625000000000,0.0000000000000000,0.0859375000000000,0.0000000000000000,-0.5156250000000000,0.0000000000000000,-0.2578125000000000,0.0000000000000000,-0.3828125000000000,0.0000000000000000,-0.5000000000000000,0.0000000000000000,-0.1015625000000000,0.0000000000000000,0.3437500000000000,0.0000000000000000,-0.7187500000000000,0.0000000000000000,0.3515625000000000,0.0000000000000000,-0.1250000000000000,0.0000000000000000,-0.0390625000000000,0.0000000000000000,0.5156250000000000,0.0000000000000000,-0.3828125000000000,0.0000000000000000,0.2031250000000000,0.0000000000000000,0.3515625000000000,0.0000000000000000,0.1562500000000000,0.0000000000000000,-0.2500000000000000,0.0000000000000000,0.1875000000000000,0.0000000000000000,0.4531250000000000,0.0000000000000000,0.1718750000000000,0.0000000000000000,0.0000000000000000,0.0000000000000000,-0.7343750000000000,0.0000000000000000,-0.0937500000000000,