radix=10;
coefdata=-0.0053603166405049,0.0000000000000000,0.0015006919527516,0.0000000000000000,-0.0017109101996518,0.0000000000000000,0.0019396305843462,0.0000000000000000,-0.0021894873662098,0.0000000000000000,0.0024609762063143,0.0000000000000000,-0.0027568931187979,0.0000000000000000,0.0030788236725204,0.0000000000000000,-0.0034290985235155,0.0000000000000000,0.0038112393309653,0.0000000000000000,-0.0042285813152231,0.0000000000000000,0.0046843663064258,0.0000000000000000,-0.0051833766040168,0.0000000000000000,0.0057327781631036,0.0000000000000000,-0.0063375644162112,0.0000000000000000,0.0070102597643454,0.0000000000000000,-0.0077550322746510,0.0000000000000000,0.0086029955186272,0.0000000000000000,-0.0095473281146169,0.0000000000000000,0.0106338843511126,0.0000000000000000,-0.0118923680220396,0.0000000000000000,0.0133645631860205,0.0000000000000000,-0.0151161915571234,0.0000000000000000,0.0172473092565768,0.0000000000000000,-0.0199084080800106,0.0000000000000000,0.0233413622290356,0.0000000000000000,-0.0279649543436541,0.0000000000000000,0.0345695421186698,0.0000000000000000,-0.0448494276950958,0.0000000000000000,0.0632138801333870,0.0000000000000000,-0.1058349256847437,0.0000000000000000,0.3182194094193047,0.5000000000000000,0.3182194094193047,0.0000000000000000,-0.1058349256847437,0.0000000000000000,0.0632138801333870,0.0000000000000000,-0.0448494276950958,0.0000000000000000,0.0345695421186698,0.0000000000000000,-0.0279649543436541,0.0000000000000000,0.0233413622290356,0.0000000000000000,-0.0199084080800106,0.0000000000000000,0.0172473092565768,0.0000000000000000,-0.0151161915571234,0.0000000000000000,0.0133645631860205,0.0000000000000000,-0.0118923680220396,0.0000000000000000,0.0106338843511126,0.0000000000000000,-0.0095473281146169,0.0000000000000000,0.0086029955186272,0.0000000000000000,-0.0077550322746510,0.0000000000000000,0.0070102597643454,0.0000000000000000,-0.0063375644162112,0.0000000000000000,0.0057327781631036,0.0000000000000000,-0.0051833766040168,0.0000000000000000,0.0046843663064258,0.0000000000000000,-0.0042285813152231,0.0000000000000000,0.0038112393309653,0.0000000000000000,-0.0034290985235155,0.0000000000000000,0.0030788236725204,0.0000000000000000,-0.0027568931187979,0.0000000000000000,0.0024609762063143,0.0000000000000000,-0.0021894873662098,0.0000000000000000,0.0019396305843462,0.0000000000000000,-0.0017109101996518,0.0000000000000000,0.0015006919527516,0.0000000000000000,-0.0053603166405049;
