radix=10;
coefdata=0.0000000000000000,-0.0000221316804896,-0.0000497664805485,-0.0000522657210107,0.0000000000000000,0.0001015366972796,0.0001915836647950,0.0001769023361518,0.0000000000000000,-0.0002866972942074,-0.0005055943683097,-0.0004407243573552,0.0000000000000000,0.0006503542726249,0.0011031342588591,0.0009286579873685,0.0000000000000000,-0.0012906097436769,-0.0021329618010908,-0.0017534215787298,0.0000000000000000,0.0023371046247109,0.0037922305075312,0.0030654103249198,0.0000000000000000,-0.0039674053093067,-0.0063564533762834,-0.0050801184030763,0.0000000000000000,0.0064530561821357,0.0102641189005325,0.0081561192400000,0.0000000000000000,-0.0102940697146980,-0.0163692397820175,-0.0130345608483490,0.0000000000000000,0.0166669190024674,0.0268299437626216,0.0217394124598357,0.0000000000000000,-0.0294318348259362,-0.0495846461634205,-0.0428220738354067,0.0000000000000000,0.0732182601436149,0.1565625839211838,0.2224737095516284,0.2475000000000000,0.2224737095516284,0.1565625839211838,0.0732182601436149,0.0000000000000000,-0.0428220738354067,-0.0495846461634205,-0.0294318348259362,0.0000000000000000,0.0217394124598357,0.0268299437626216,0.0166669190024674,0.0000000000000000,-0.0130345608483490,-0.0163692397820175,-0.0102940697146980,0.0000000000000000,0.0081561192400000,0.0102641189005325,0.0064530561821357,0.0000000000000000,-0.0050801184030763,-0.0063564533762834,-0.0039674053093067,0.0000000000000000,0.0030654103249198,0.0037922305075312,0.0023371046247109,0.0000000000000000,-0.0017534215787298,-0.0021329618010908,-0.0012906097436769,0.0000000000000000,0.0009286579873685,0.0011031342588591,0.0006503542726249,0.0000000000000000,-0.0004407243573552,-0.0005055943683097,-0.0002866972942074,0.0000000000000000,0.0001769023361518,0.0001915836647950,0.0001015366972796,0.0000000000000000,-0.0000522657210107,-0.0000497664805485,-0.0000221316804896,0.0000000000000000;
