radix=10;
coefdata=0.00000000000000,0.01110899653824,0.01687988414879,0.02513048898527,0.03665804195338,0.05239314106983,0.07336965136838,0.10066889977290,0.13533528323661,0.17826397958505,0.23006629899381,0.29092380704615,0.36044778859782,0.43756473770027,0.52045012102070,0.60653065971263,0.69256932420520,0.77483742888325,0.84936581656831,0.91225407682855,0.96000544128548,0.98984780337873,1.00000000000000,0.98984780337873,0.96000544128548,0.91225407682855,0.84936581656831,0.77483742888325,0.69256932420520,0.60653065971263,0.52045012102070,0.43756473770027,0.36044778859782,0.29092380704615,0.23006629899381,0.17826397958505,0.13533528323661,0.10066889977290,0.07336965136838,0.05239314106983,0.03665804195338,0.02513048898527,0.01687988414879,0.01110899653824;
